# Created by Octave 5.1.0, Sat Apr 27 12:49:23 2019 GMT <unknown@Patrick-i7>
# name: theta
# type: matrix
# rows: 3
# columns: 1
 -31.214148588750962
 2943.9480100218689
 -241993.74478182383


