# Created by Octave 5.1.0, Thu May 02 19:04:36 2019 GMT <unknown@LAPTOP-Q17GF7V8>
# name: theta
# type: matrix
# rows: 3
# columns: 1
 -27.383779201410519
 2152.7356524911202
 2049489.3538577068


