# Created by Octave 5.1.0, Thu May 02 19:04:34 2019 GMT <unknown@LAPTOP-Q17GF7V8>
# name: theta
# type: matrix
# rows: 3
# columns: 1
 -31.214148588750962
 2943.9480100218689
 -241993.74478182383


