# Created by Octave 5.1.0, Tue May 07 19:18:57 2019 GMT <unknown@Patrick-i7>
# name: theta
# type: matrix
# rows: 3
# columns: 1
 NaN
 NaN
 NaN


