# Created by Octave 5.1.0, Sat May 11 00:20:51 2019 GMT <unknown@Patrick-i7>
# name: theta
# type: matrix
# rows: 3
# columns: 1
 NaN
 NaN
 NaN


