# Created by Octave 5.1.0, Mon May 06 10:29:49 2019 GMT <unknown@Patrick-i7>
# name: theta
# type: matrix
# rows: 3
# columns: 1
 -31.86986875181514
 2289.3827548181398
 5375008.6332362145


