# Created by Octave 5.1.0, Fri May 03 13:16:51 2019 GMT <unknown@LAPTOP-Q17GF7V8>
# name: theta
# type: matrix
# rows: 3
# columns: 1
 -28.624272892490396
 1958.6399829409258
 -182198.20692549637


