# Created by Octave 5.1.0, Fri Apr 26 12:42:10 2019 GMT <unknown@LAPTOP-Q17GF7V8>
# name: theta
# type: matrix
# rows: 2
# columns: 1
 89.783549163781984
 50.579665361660197


# name: mu
# type: scalar
0.0020687933547682788


# name: sigma
# type: scalar
0.0015631163274954065


