# Created by Octave 5.1.0, Mon May 06 10:29:47 2019 GMT <unknown@Patrick-i7>
# name: theta
# type: matrix
# rows: 3
# columns: 1
 -41.347383259933309
 3808.3291437081029
 18714145.403996203


