# Created by Octave 5.1.0, Thu May 02 19:04:30 2019 GMT <unknown@LAPTOP-Q17GF7V8>
# name: theta
# type: matrix
# rows: 3
# columns: 1
 -31.451667230000375
 2491.3772726321713
 5091840.6972101126


