# Created by Octave 5.1.0, Fri May 03 13:16:47 2019 GMT <unknown@LAPTOP-Q17GF7V8>
# name: theta
# type: matrix
# rows: 3
# columns: 1
 -38.643731068414603
 2712.9795780048316
 91098.72716377629


