# Created by Octave 5.1.0, Sat Apr 27 12:49:22 2019 GMT <unknown@Patrick-i7>
# name: theta
# type: matrix
# rows: 3
# columns: 1
 -31.451667230000375
 2491.3772726321713
 5091840.6972101126


