# Created by Octave 5.1.0, Mon May 06 18:44:19 2019 GMT <unknown@Patrick-i7>
# name: theta
# type: matrix
# rows: 3
# columns: 1
 -19.429909716519898
 1604.6088658567396
 32983580.716140676


