# Created by Octave 5.1.0, Fri Apr 26 06:14:02 2019 GMT <unknown@Patrick-i7>
# name: theta
# type: matrix
# rows: 2
# columns: 1
 89.783549163781956
 51.552848150765229


# name: mu
# type: scalar
0.0024526198952522036


# name: sigma
# type: scalar
0.0015046280935785805


