# Created by Octave 5.1.0, Fri May 03 13:16:50 2019 GMT <unknown@LAPTOP-Q17GF7V8>
# name: theta
# type: matrix
# rows: 3
# columns: 1
 -31.287718504163188
 2923.5317374817873
 456097.61435105314


