# Created by Octave 5.1.0, Mon May 06 18:44:22 2019 GMT <unknown@Patrick-i7>
# name: theta
# type: matrix
# rows: 3
# columns: 1
 -40.225457807790477
 3596.5208049422517
 20042235.41456762


