# Created by Octave 5.1.0, Sat Apr 27 12:49:24 2019 GMT <unknown@Patrick-i7>
# name: theta
# type: matrix
# rows: 3
# columns: 1
 -37.514381300859526
 3355.7825797504011
 289366.73746078881


