# Created by Octave 5.1.0, Mon May 06 18:44:24 2019 GMT <unknown@Patrick-i7>
# name: theta
# type: matrix
# rows: 3
# columns: 1
 -32.943660047709955
 2314.2387707955932
 3822981.8778390442


