# Created by Octave 5.1.0, Sat Apr 27 12:49:26 2019 GMT <unknown@Patrick-i7>
# name: theta
# type: matrix
# rows: 3
# columns: 1
 -27.383779201410519
 2152.7356524911202
 2049489.3538577068


