# Created by Octave 5.1.0, Mon May 06 10:29:45 2019 GMT <unknown@Patrick-i7>
# name: theta
# type: matrix
# rows: 3
# columns: 1
 -30.670730566985071
 2693.6289897097959
 42994204.508184895


