# Created by Octave 5.1.0, Mon May 06 18:44:21 2019 GMT <unknown@Patrick-i7>
# name: theta
# type: matrix
# rows: 3
# columns: 1
 -27.419185242867712
 2508.5685238238189
 40520731.405684084


