# Created by Octave 5.1.0, Fri May 03 13:16:49 2019 GMT <unknown@LAPTOP-Q17GF7V8>
# name: theta
# type: matrix
# rows: 3
# columns: 1
 -38.438670090025028
 3612.4530285252222
 95287.209617226617


