# Created by Octave 5.1.0, Mon May 06 10:29:44 2019 GMT <unknown@Patrick-i7>
# name: theta
# type: matrix
# rows: 3
# columns: 1
 -19.67499717697693
 1640.5813300670623
 32248331.733185463


