# Created by Octave 5.1.0, Fri Apr 26 12:42:59 2019 GMT <unknown@LAPTOP-Q17GF7V8>
# name: theta
# type: matrix
# rows: 2
# columns: 1
 89.783549163781984
 51.548023645188088


# name: mu
# type: scalar
0.0024579590390316837


# name: sigma
# type: scalar
0.0015151345784583646


