# Created by Octave 5.1.0, Thu May 02 19:04:35 2019 GMT <unknown@LAPTOP-Q17GF7V8>
# name: theta
# type: matrix
# rows: 3
# columns: 1
 -37.514381300859526
 3355.7825797504011
 289366.73746078881


