# Created by Octave 5.1.0, Wed Apr 24 08:20:05 2019 GMT <unknown@Patrick-i7>
# name: a
# type: matrix
# rows: 1
# columns: 4
 0.00030874963380525013 0.00030094698303283137 0.00026704367431871844 0.00038708574774129684


# name: b
# type: matrix
# rows: 1
# columns: 4
 0.014323895841024375 0.0091990830968020285 0.0098160845126279428 0.014587924278041689


